Rows: 205,546
Columns: 18
$ v0001  <dbl> 11, 11, 11, 11, 11, 11, 11, 11, 11, 11, 11, 11, 11, 11, 11, 11,…
$ c006   <dbl> 1, 2, 2, 2, 1, 2, 2, 1, 1, 2, 2, 2, 1, 1, 2, 1, 2, 1, 1, 1, 2, …
$ c00701 <dbl> 29, 0, 18, 0, 7, 0, 14, 0, 25, 0, 0, 0, 0, 0, 0, 0, 13, 0, 6, 1…
$ c00702 <dbl> 12, 20, 1, 20, 11, 20, 9, 20, 5, 20, 20, 20, 20, 20, 20, 20, 9,…
$ c00703 <dbl> 1977, 37, 2013, 16, 1970, 38, 1980, 46, 2012, 27, 12, 51, 53, 9…
$ c008   <dbl> 35, 37, 0, 16, 42, 38, 32, 46, 1, 27, 12, 51, 53, 9, 28, 33, 36…
$ c009   <dbl> 2, 1, 4, 1, 4, 1, 2, 4, 4, 1, 1, 4, 2, 4, 4, 2, 4, 4, 4, 1, 1, …
$ c010   <dbl> 1, 1, NA, 2, 1, 1, 1, 1, NA, 2, 2, 1, 1, NA, 1, 1, 1, 1, 2, 1, …
$ c011   <dbl> 1, 1, NA, 5, 1, 1, 5, 5, NA, 5, 5, 1, 1, NA, 1, 1, 1, 1, 5, 1, …
$ d001   <dbl> 2, 1, NA, 1, 1, 1, 1, 1, NA, 1, 1, 1, 1, 2, 1, 1, 1, 1, 1, 1, 1…
$ p020   <dbl> 3, NA, NA, NA, 4, NA, 4, NA, NA, 2, NA, NA, 3, NA, 3, NA, 4, NA…
$ p022   <dbl> 2, NA, NA, NA, 2, NA, 2, NA, NA, 2, NA, NA, 2, NA, 2, NA, 2, NA…
$ p045   <dbl> 3, NA, NA, NA, 3, NA, 3, NA, NA, 4, NA, NA, 4, NA, 4, NA, 3, NA…
$ p050   <dbl> 3, NA, NA, NA, 3, NA, 3, NA, NA, 3, NA, NA, 3, NA, 3, NA, 3, NA…
$ p05402 <dbl> NA, NA, NA, NA, NA, NA, NA, NA, NA, NA, NA, NA, NA, NA, NA, NA,…
$ w00103 <dbl> 59.5, NA, NA, NA, 81.2, NA, 55.0, NA, NA, NA, NA, NA, 78.0, NA,…
$ w00203 <dbl> 162.0, NA, NA, NA, 169.0, NA, 170.0, NA, NA, NA, NA, NA, 169.4,…
$ v0022  <dbl> 4, 4, 4, 4, 2, 2, 3, 3, 3, 2, 2, 3, 3, 3, 2, 2, 3, 3, 3, 2, 2, …
